{
 "templeR0032": [
  [
   1.0,
   0.0,
   0.0,
   0.0
  ],
  [
   0.0,
   1.0,
   0.0,
   0.0
  ],
  [
   0.0,
   0.0,
   1.0,
   0.0
  ]
 ],
 "templeR0047": [
  [
   0.9999209260556872,
   -0.00393892386843786,
   -0.011942634328151385,
   0.23278936594993455
  ],
  [
   0.0033627388936077196,
   0.9988470485897069,
   -0.04788805185811195,
   0.97119776918841
  ],
  [
   0.012117492441536908,
   0.04784410520001872,
   0.9987813113863008,
   0.050833101657121814
  ]
 ],
 "templeR0033": [
  [
   0.999874732576895,
   0.009663652321357954,
   -0.012535269366655732,
   0.24657720615189427
  ],
  [
   -0.008566563394656659,
   0.9963611232839434,
   0.0848005070737432,
   -1.7230496997389695
  ],
  [
   0.013309137683863412,
   -0.08468250015304551,
   0.9963190959837824,
   0.06393897497231756
  ]
 ],
 "templeR0034": [
  [
   0.9997421407427166,
   0.02029225167493288,
   0.010191984356904774,
   -0.18937730965315125
  ],
  [
   -0.022002691752299557,
   0.976631248935273,
   0.21379262185300527,
   -4.346541469005318
  ],
  [
   -0.00561547672272774,
   -0.2139617445364708,
   0.9768258996853465,
   0.3418070968521403
  ]
 ],
 "templeR0035": [
  [
   0.9993098217972403,
   0.03691880792096781,
   0.004108732318208895,
   -0.07193738195599045
  ],
  [
   -0.036210328402460724,
   0.943463174014173,
   0.32949362876402966,
   -6.708097081512732
  ],
  [
   0.008288074357409917,
   -0.3294149979900687,
   0.9441488584554075,
   0.9956307674507135
  ]
 ],
 "templeR0046": [
  [
   0.9998212306171971,
   -0.01738414974192572,
   -0.007436272242450644,
   0.14400706887333306
  ],
  [
   0.015482656849895983,
   0.9784787401985643,
   -0.20576598921177144,
   4.142831039808147
  ],
  [
   0.010853301063819567,
   0.20561407130150597,
   0.9785729709831748,
   0.510274739756458
  ]
 ],
 "templeR0045": [
  [
   0.9992980390034415,
   -0.034596756071422534,
   -0.014369889116165283,
   0.2701614807844851
  ],
  [
   0.027345241256380985,
   0.9358133826078139,
   -0.35143356514816787,
   7.069735607174925
  ],
  [
   0.025605995870239394,
   0.35079392440784335,
   0.9361025347546269,
   1.3829098169378649
  ]
 ],
 "templeR0036": [
  [
   0.9985791485466385,
   0.052416103782961285,
   0.009603965435395649,
   -0.18106326522859706
  ],
  [
   -0.051194067950784905,
   0.8935864988782879,
   0.44596225897388897,
   -9.082516082953102
  ],
  [
   0.014793630200895927,
   -0.4458202789091782,
   0.8950002387814329,
   1.9635202568609236
  ]
 ],
 "templeR0044": [
  [
   0.9988238799899589,
   -0.04784347642221516,
   -0.007865019112562705,
   0.13680032549117294
  ],
  [
   0.03812657002013485,
   0.8752333971107882,
   -0.4821958784979492,
   9.701672778887161
  ],
  [
   0.0299536545400355,
   0.4813288920745836,
   0.8760281252528083,
   2.6152050282054504
  ]
 ],
 "templeR0037": [
  [
   0.997526333964965,
   0.06830136019148986,
   0.016617377723616295,
   -0.3268953136475899
  ],
  [
   -0.06574193590096389,
   0.8228040797861786,
   0.5645099150158597,
   -11.490133453020395
  ],
  [
   0.02488394885082612,
   -0.5642059645937927,
   0.825259000924181,
   3.3027279703518646
  ]
 ],
 "templeR0038": [
  [
   0.9962961455704663,
   0.08114339725226587,
   0.028455920364543863,
   -0.5619295642827069
  ],
  [
   -0.079379352902347,
   0.7406723721400441,
   0.6671606669170813,
   -13.58552522573504
  ],
  [
   0.03305916898890447,
   -0.6669484134704879,
   0.7443701398598429,
   4.93359077957494
  ]
 ],
 "templeR0043": [
  [
   0.998042226772493,
   -0.06252954823815407,
   -0.0013301038065196037,
   -0.0013661688111015358
  ],
  [
   0.049278691493926746,
   0.799283784362981,
   -0.5989299146135866,
   12.048149691949622
  ],
  [
   0.038513947391174363,
   0.5976917998864667,
   0.8008003422856572,
   4.154087930649428
  ]
 ],
 "templeR0039": [
  [
   0.9950180517014093,
   0.0898420074867545,
   0.043214470713887,
   -0.8591788087046234
  ],
  [
   -0.09120536429620862,
   0.6452861212734645,
   0.7584770287987919,
   -15.453250970559894
  ],
  [
   0.040257400710022505,
   -0.7586397269999756,
   0.6502654122014141,
   6.792299344699651
  ]
 ],
 "templeR0042": [
  [
   0.9970816339413365,
   -0.07585070292494275,
   0.008653676829348228,
   -0.20669656624413807
  ],
  [
   0.06004080251916231,
   0.7091034762026529,
   -0.7025434947888769,
   14.126696174948004
  ],
  [
   0.047152065593456985,
   0.7010127894005258,
   0.7115881897608789,
   5.975953057590975
  ]
 ],
 "templeR0013": [
  [
   -0.9956228977271677,
   0.09327425164361432,
   -0.005912656059803182,
   0.4893110914831507
  ],
  [
   -0.06725565252007355,
   -0.6710948240358312,
   0.7383145768278015,
   -15.267362883359356
  ],
  [
   0.06489778675314699,
   0.7354805579569322,
   0.6744305940138703,
   6.698132311941955
  ]
 ],
 "templeR0014": [
  [
   -0.9941194983490999,
   0.10656785111552358,
   -0.01922800329606547,
   0.7615154569006745
  ],
  [
   -0.07626038569564261,
   -0.5629027683187059,
   0.8229974647547154,
   -16.95979051406799
  ],
  [
   0.07688157500783743,
   0.8196241617520537,
   0.5677195230891369,
   8.861902925134414
  ]
 ],
 "templeR0015": [
  [
   -0.9920900501808784,
   0.12073617007596399,
   -0.0343527228540933,
   1.0725005911020251
  ],
  [
   -0.08409735200450957,
   -0.4361041805624245,
   0.8959580230578919,
   -18.405946976029124
  ],
  [
   0.09319317420246967,
   0.8917600130816385,
   0.4428082105728214,
   11.401910617762688
  ]
 ],
 "templeR0016": [
  [
   -0.9908974835005679,
   0.12323627092141591,
   -0.05417562848389447,
   1.4743758770621505
  ],
  [
   -0.08986202752860968,
   -0.3058782676509805,
   0.9478202896051986,
   -19.423309202231874
  ],
  [
   0.10023469060504438,
   0.9440610715987703,
   0.3141682668429333,
   14.051116090818054
  ]
 ],
 "templeR0017": [
  [
   -0.9894904484437901,
   0.12717547329220405,
   -0.06881170998755394,
   1.7649488054377778
  ],
  [
   -0.0926062346318127,
   -0.1918694184839821,
   0.9770415608140405,
   -20.003945744443115
  ],
  [
   0.11105286014247896,
   0.973145685518629,
   0.20163019865747434,
   16.288161851465922
  ]
 ],
 "templeR0018": [
  [
   -0.9900608451684229,
   0.11378216808906805,
   -0.08266281563883131,
   2.0300717839024105
  ],
  [
   -0.09228818218948764,
   -0.08209647170245549,
   0.9923422095034393,
   -20.311004678683933
  ],
  [
   0.10612452257865891,
   0.9901079676272477,
   0.09178125161759743,
   18.559482220096157
  ]
 ],
 "templeR0019": [
  [
   -0.9890759655292073,
   0.11303638212188272,
   -0.09461242375746456,
   2.2664786606736707
  ],
  [
   -0.09548384589902661,
   -0.0023080406979735235,
   0.995428303857424,
   -20.42188452358531
  ],
  [
   0.11230124480519915,
   0.993588168843074,
   0.013075976073338769,
   20.102188263573154
  ]
 ],
 "templeR0020": [
  [
   -0.9883507857372903,
   0.10948060544334721,
   -0.10572001401929126,
   2.487347611156541
  ],
  [
   -0.09842756484614527,
   0.0700124562760781,
   0.9926783318097806,
   -20.426455112523804
  ],
  [
   0.11608074263605861,
   0.9915201727639983,
   -0.05842095678018855,
   21.592478021312054
  ]
 ],
 "templeR0021": [
  [
   -0.9862579305174151,
   0.1152204550935032,
   -0.11840414359114135,
   2.752844744922864
  ],
  [
   -0.09864174728578667,
   0.16424596503398747,
   0.9814749455092888,
   -20.2285412643334
  ],
  [
   0.1325333927126013,
   0.9796670402223913,
   -0.15062333855676924,
   23.439728076304934
  ]
 ],
 "templeR0022": [
  [
   -0.9798882906583067,
   0.14116062368223267,
   -0.14104118601452845,
   3.2392595360544516
  ],
  [
   -0.10068310070307807,
   0.2604920893813918,
   0.9602118436066759,
   -19.815099230126048
  ],
  [
   0.17228421594433882,
   0.9551008060363894,
   -0.24104065890443482,
   25.267887308679757
  ]
 ],
 "templeR0023": [
  [
   -0.9795764986874881,
   0.12754250899040512,
   -0.15544385359220242,
   3.529362833034657
  ],
  [
   -0.09794596482355912,
   0.37247929471355445,
   0.9228573903829752,
   -19.050804319367167
  ],
  [
   0.175603163963363,
   0.9192345094752076,
   -0.35237968925000607,
   27.560528632057167
  ]
 ],
 "templeR0024": [
  [
   -0.9765965654406367,
   0.12544069418549428,
   -0.17471056239338675,
   3.9252180692190795
  ],
  [
   -0.09353149936141453,
   0.48378426452410106,
   0.8701750651599256,
   -17.96639424957309
  ],
  [
   0.1936775851686454,
   0.8661509208221949,
   -0.46072939494035536,
   29.782311169816307
  ]
 ],
 "templeR0025": [
  [
   -0.9757203308734818,
   0.112573659242831,
   -0.1878749774845554,
   4.192829589395834
  ],
  [
   -0.08717810982380467,
   0.5872985124835612,
   0.8046616894087508,
   -16.619604543541087
  ],
  [
   0.20092240563882335,
   0.8015033552514146,
   -0.5632251400932249,
   31.86002700554343
  ]
 ],
 "templeR0026": [
  [
   -0.9748650721834106,
   0.10020992211266813,
   -0.19898759395250398,
   4.423117080326123
  ],
  [
   -0.07805897344770288,
   0.6829007506799002,
   0.7263286868802028,
   -15.014845334929268
  ],
  [
   0.20867411842661376,
   0.7236052350771116,
   -0.657913805956277,
   33.84716070788508
  ]
 ],
 "templeR0027": [
  [
   -0.9711447938923572,
   0.09069341819548064,
   -0.22057310169599256,
   4.857900418678907
  ],
  [
   -0.0733876168241034,
   0.766352172199519,
   0.6382151720712678,
   -13.206563974571374
  ],
  [
   0.22691859111286936,
   0.6359866760090961,
   -0.7375831484966636,
   35.39233468026067
  ]
 ],
 "templeR0028": [
  [
   -0.9699754932035706,
   0.0706513700601197,
   -0.23271425932485984,
   5.1090998090156
  ],
  [
   -0.06804249762791523,
   0.8398249773548864,
   0.5385761096887056,
   -11.164505669218208
  ],
  [
   0.2334903875988158,
   0.5382400870610564,
   -0.8098023509347583,
   36.88492563681075
  ]
 ],
 "templeR0029": [
  [
   -0.9679013186787936,
   0.05533472666258832,
   -0.24516342574908895,
   5.363209330381095
  ],
  [
   -0.05846604801477062,
   0.8991289197838391,
   0.4337613477914797,
   -9.013526370920038
  ],
  [
   0.24443559178112123,
   0.4341719171405759,
   -0.8670328643350781,
   38.044317162611584
  ]
 ],
 "templeR0001": [
  [
   -0.9673625764420031,
   0.036729833364021976,
   -0.2507200930131866,
   5.473379277778874
  ],
  [
   -0.048732369346432734,
   0.9440024189313484,
   0.3263197653064348,
   -6.811464562786035
  ],
  [
   0.24866604488223282,
   0.3278877130860731,
   -0.9114026803393834,
   38.923594040500554
  ]
 ],
 "templeR0030": [
  [
   -0.9681784092260007,
   0.03543950718292363,
   -0.24773899418388368,
   5.418064708935786
  ],
  [
   -0.050277935291379736,
   0.9421948576008912,
   0.3312717608448868,
   -6.914982584664415
  ],
  [
   0.24515851429523444,
   0.33318597155502744,
   -0.9104308931640478,
   38.82505599513839
  ]
 ],
 "templeR0031": [
  [
   -0.9783293342678392,
   0.027662222849933978,
   -0.2051987210926209,
   4.557695351547439
  ],
  [
   -0.03325911501755249,
   0.9571719061530864,
   0.28760350022125275,
   -6.060091261123108
  ],
  [
   0.20436620312394085,
   0.28819566877083264,
   -0.9355093326752206,
   39.053847130687245
  ]
 ],
 "templeR0002": [
  [
   -0.9786399812166009,
   0.03332861881162532,
   -0.20286199824629653,
   4.5005880955314
  ],
  [
   -0.01765199527151772,
   0.969504234616702,
   0.24443802102622503,
   -5.205433324987645
  ],
  [
   0.20482234796844156,
   0.24279773933954224,
   -0.9482072893330352,
   39.2298435204978
  ]
 ],
 "templeR0003": [
  [
   -0.9847037928765724,
   0.026260286496879386,
   -0.1722464445136508,
   3.881408849639495
  ],
  [
   -0.0003419435323981975,
   0.9882839194626826,
   0.15262626774608148,
   -3.394447228034849
  ],
  [
   0.1742364008154238,
   0.15035056329984173,
   -0.973157944398702,
   39.514757070398694
  ]
 ],
 "templeR0004": [
  [
   -0.9779482657960128,
   0.027994243568870137,
   -0.2069625853954716,
   4.58142061544705
  ],
  [
   0.019814552085457234,
   0.9989423919507185,
   0.04149073498300226,
   -1.1958737008744647
  ],
  [
   0.20790520184022285,
   0.03647492139516955,
   -0.9774686732356144,
   39.982626179486516
  ]
 ],
 "templeR0005": [
  [
   -0.981627016955303,
   0.018901926528511567,
   -0.18987131630908352,
   4.233377465618768
  ],
  [
   0.02675395051687078,
   0.9988858007296877,
   -0.03887651260532457,
   0.3714053211457763
  ],
  [
   0.18892492084204807,
   -0.04324204289949633,
   -0.9810389900563097,
   39.99230824860713
  ]
 ],
 "templeR0012": [
  [
   -0.9916885919782932,
   -0.1172365216142767,
   -0.05300315594278863,
   1.387371878976388
  ],
  [
   0.10235862414842439,
   -0.469304984827163,
   -0.877083544070243,
   17.46820380302889
  ],
  [
   0.07795157857639527,
   -0.8752190749841787,
   0.47740456866402825,
   10.267822561064511
  ]
 ],
 "templeR0011": [
  [
   -0.9894549892925012,
   -0.12788575395689786,
   -0.06800042719757178,
   1.688867024978451
  ],
  [
   0.10928580669954298,
   -0.3510656693337819,
   -0.9299513472592283,
   18.56206058992626
  ],
  [
   0.09505491369838072,
   -0.9275764818871269,
   0.3613397758781808,
   12.633309785489148
  ]
 ],
 "templeR0010": [
  [
   -0.988053271451204,
   -0.1250932410988534,
   -0.09001340903419552,
   2.135529704409627
  ],
  [
   0.1160355332031696,
   -0.21946615127511027,
   -0.9686951860511883,
   19.371313827743517
  ],
  [
   0.10142232401611284,
   -0.9675672015296273,
   0.23135950967119512,
   15.26107753302516
  ]
 ],
 "templeR0009": [
  [
   -0.98491570011746,
   -0.13453242632256063,
   -0.1088213670650136,
   2.5159821681557233
  ],
  [
   0.12051890565772279,
   -0.08208211664355947,
   -0.9893117403055409,
   19.81313516970179
  ],
  [
   0.12416222066795736,
   -0.9875036974083073,
   0.09705766617698719,
   17.98822111753829
  ]
 ],
 "templeR0008": [
  [
   -0.9826411695265301,
   -0.13117701224147735,
   -0.13118278625998253,
   2.966853888473786
  ],
  [
   0.12407023379439538,
   0.061033593217690196,
   -0.9903946070052794,
   19.856211724190423
  ],
  [
   0.13792356230077962,
   -0.9894783938815122,
   -0.04369895884258712,
   20.811960531666045
  ]
 ],
 "templeR0007": [
  [
   -0.9788707751216844,
   -0.13410838872224085,
   -0.15435979297406766,
   3.4388395401895733
  ],
  [
   0.1249640918855884,
   0.20517468338934364,
   -0.9707148525881802,
   19.477953244421247
  ],
  [
   0.1618517264408474,
   -0.9694938315277754,
   -0.18408076835375897,
   23.660921824775492
  ]
 ],
 "templeR0006": [
  [
   -0.9771054322987319,
   -0.1220592221332708,
   -0.17425992214083275,
   3.8458254491424326
  ],
  [
   0.12367875900095565,
   0.34058032533322835,
   -0.9320453886844222,
   18.715318545992197
  ],
  [
   0.17311423611099053,
   -0.9322588633465134,
   -0.3176867528991021,
   26.303445580000815
  ]
 ],
 "templeR0040": [
  [
   0.9775754178637743,
   0.10858714885488345,
   0.18043041177150443,
   -3.638868746961936
  ],
  [
   -0.1245360018046847,
   -0.39281749834823454,
   0.9111449924386011,
   -18.71920837172142
  ],
  [
   0.16981485990033623,
   -0.913183028803647,
   -0.3704857207262205,
   27.402882192683208
  ]
 ],
 "templeR0041": [
  [
   0.9756272776469262,
   0.09897966446718602,
   0.195842899113577,
   -3.9560644613109757
  ],
  [
   -0.11668402452145941,
   -0.5218425023082315,
   0.8450238110291088,
   -17.393615712682642
  ],
  [
   0.18583932181517154,
   -0.8472800179436824,
   -0.49757443429162485,
   29.955365352421637
  ]
 ]
}